23.2173722232 -20.2453902066
23.9999216072 -20.2707140789
24.7998604038 -20.4041816752
25.6173797071 -20.6417300948
26.4526439769 -20.9617921282
27.3058970052 -21.2741839241
28.1773038158 -21.5050675462
29.0670555026 -21.6719798174
29.9753142106 -21.7810920722
30.9023283376 -21.8376480333
31.8482606164 -21.8455398953
32.8133021409 -21.8079679852
33.7976126449 -21.7284114966
34.8014453247 -21.6109546123
35.8249605259 -21.4597591702
36.8683493424 -21.2781149507
37.9317690002 -21.0679251722
39.015477687 -20.83025069
40.1196332649 -20.5673065876
41.2444268277 -20.2856982233
42.390012997 -20.0005402313
