23.2173722232 -18.7363335131
23.9999216072 -19.4158472243
24.7998604038 -20.0058609236
25.6173797071 -20.5072642193
26.4526439769 -20.9227005949
27.3058970052 -21.2461306198
28.1773038158 -21.4826804131
29.0670555026 -21.6581625627
29.9753142106 -21.7745831745
30.9023283376 -21.8344993142
31.8482606164 -21.8419081988
32.8133021409 -21.8020712191
33.7976126449 -21.7208845061
34.8014453247 -21.6041039419
35.8249605259 -21.4566882272
36.8683493424 -21.282364318
37.9317690002 -21.083584739
39.015477687 -20.8619762803
40.1196332649 -20.6195950294
41.2444268277 -20.3611341546
42.390012997 -20.0973822203
