23.2173722232 -20.1862295296
23.9999216072 -20.1849706321
24.7998604038 -20.3442151988
25.6173797071 -20.6166526724
26.4526439769 -20.9517747091
27.3058970052 -21.2639863402
28.1773038158 -21.4958726977
29.0670555026 -21.6661732576
29.9753142106 -21.7780795614
30.9023283376 -21.8361407726
31.8482606164 -21.8449039161
32.8133021409 -21.8081453704
33.7976126449 -21.7288994518
34.8014453247 -21.6098919382
35.8249605259 -21.4540550616
36.8683493424 -21.2648920793
37.9317690002 -21.0467328323
39.015477687 -20.8049003288
40.1196332649 -20.5458972049
41.2444268277 -20.2772769059
42.390012997 -20.0069019616
