23.2173722232 -19.6237618119
23.9999216072 -19.7538498576
24.7998604038 -20.0592597258
25.6173797071 -20.4598384752
26.4526439769 -20.8909037027
27.3058970052 -21.2559092214
28.1773038158 -21.5026532187
29.0670555026 -21.6732206018
29.9753142106 -21.780958102
30.9023283376 -21.8356510929
31.8482606164 -21.8433727878
32.8133021409 -21.8071767081
33.7976126449 -21.7285983884
34.8014453247 -21.6092875509
35.8249605259 -21.4522757549
36.8683493424 -21.2625732874
37.9317690002 -21.0471356661
39.015477687 -20.8142779474
40.1196332649 -20.5727504502
41.2444268277 -20.3302867561
42.390012997 -20.0914460604
