23.2173722232 -19.337388199
23.9999216072 -19.712908001
24.7998604038 -20.1438388644
25.6173797071 -20.5685122179
26.4526439769 -20.9482483643
27.3058970052 -21.2580860007
28.1773038158 -21.4892889022
29.0670555026 -21.6617218111
29.9753142106 -21.776085768
30.9023283376 -21.8354157756
31.8482606164 -21.8441905657
32.8133021409 -21.8071009022
33.7976126449 -21.7279780793
34.8014453247 -21.6092507135
35.8249605259 -21.4523285462
36.8683493424 -21.2589554904
37.9317690002 -21.0331758146
39.015477687 -20.7829334861
40.1196332649 -20.5201515463
41.2444268277 -20.2578737443
42.390012997 -20.003743674
